nbChaine ABQ LC H100 H200 H300 H400 H450 H500 
8 0.026275 0.005025 0.000372 0.000384 0.000431 0.000446 0.000428 
15 0.026391 0.005922 0.001447 0.001484 0.001290 0.001392 0.001830 
20 0.026617 0.006716 0.001410 0.001676 0.001536 0.001353 0.001432 
25 0.027464 0.013486 0.001775 0.001556 0.001808 0.001905 0.001722 
30 0.019794 0.008567 0.001543 0.001513 0.001534 0.001460 0.001546 
40 0.028016 0.008979 0.002281 0.003027 0.002431 0.002925 0.002824 
50 0.032408 0.011522 0.004254 0.003792 0.005196 0.004710 0.010345 
120 0.045166 0.087403 0.016025 0.016681 0.016947 0.015919 0.015428 
200 0.097658 0.322905 0.040854 0.053750 0.048780 0.043628 0.041049 
300 0.133395 1.188147 0.075645 0.063494 0.081392 0.111048 0.075261 
500 0.356860 2.917192 0.079649 0.128880 0.126538 0.123026 0.120557 
700 0.500188 8.221369 0.242484 0.203170 0.194920 0.188399 0.184951 
1000 1.164072 24.201309 0.669900 0.538205 0.501499 0.484462 0.476594 
1400 1.714694 61.527702 0.851261 0.671525 0.613333 0.582865 0.560349 
1700 33.311728 586.182016 22.716529 19.826696 19.025261 18.443591 18.193149 
3300 27.077141 6163.957253 35.208126 17.886318 12.491195 10.384933 9.056933 
4000 42.141464 15847.057837 142.009350 70.549039 44.038985 35.052714 23.743088 
