nbChaine ABQ LC H50 H100 H150 H200 H250 H300 H350 H400 H450 H500 

8 0,011016 0,002370 0,005069 0,000187 0,000186 0,000180 0,000175 0,000178 0,000191 0,000210 0,000193 0,000197 0,000209 0,000201 0,000206
15 0,012061 0,002919 0,005618 0,000707 0,003217 0,000714 0,000682 0,000702 0,000686 0,000734 0,000744 0,000739 0,000755 0,000773 0,000748
20 0,011694 0,002797 0,005665 0,000627 0,002840 0,000633 0,000611 0,000617 0,000615 0,000622 0,000634 0,000619 0,000635 0,000626 0,000637
25 0,011952 0,005458 0,005790 0,000800 0,000801 0,000773 0,000806 0,000809 0,000769 0,000811 0,000790 0,000790 0,000781 0,000791 0,000798
30 0,012263 0,005661 0,005953 0,000931 0,000924 0,000892 0,000907 0,001025 0,000964 0,000919 0,000941 0,000992 0,000905 0,000945 0,000908
40 0,014150 0,005250 0,006938 0,002115 0,001970 0,001915 0,001783 0,001861 0,001815 0,001804 0,001815 0,001854 0,001944 0,001843 0,001808
50 0,014541 0,006964 0,008222 0,003065 0,003092 0,002896 0,002886 0,002839 0,002881 0,002866 0,002874 0,002860 0,002849 0,002867 0,003019
120 0,026306 0,051298 0,018933 0,010479 0,010236 0,010146 0,009878 0,009977 0,009876 0,009789 0,009881 0,009728 0,009886 0,009742 0,009694
200 0,039734 0,145480 0,036578 0,021549 0,020568 0,020123 0,019783 0,019715 0,019594 0,019082 0,021690 0,018891 0,018741 0,018796 0,018794
300 0,057252 0,378893 0,069919 0,037659 0,032000 0,031393 0,031062 0,085910 0,029275 0,029571 0,031541 0,029723 0,030012 0,029996 0,029664
500 0,151506 1,443634 0,223453 0,101957 0,092455 0,083679 0,082161 0,080779 0,082326 0,079468 0,079270 0,078353 0,080755 0,078144 0,091097
700 0,220668 4,579219 0,255969 0,145271 0,068199 0,060179 0,055847 0,079918 0,125992 0,122322 0,122869 0,118382 0,117693 0,116651 0,117401
1000 0,518319 15,379764 1,835517 0,577610 0,439883 0,386191 0,362143 0,338867 0,332438 0,322148 0,318090 0,313298 0,304485 0,304868 0,301778
1400 1,082520 34,530377 4,286686 1,234840 0,909240 0,775932 0,707668 0,658705 0,636915 0,601877 0,596426 0,581509 0,578029 0,567939 0,567422
